78	3	390	6	23
79	48	550	5	23
80	25	320	22	23
81	4	520	6	24
82	64	760	5	24
83	35	450	22	24
84	3	390	6	25
85	48	570	5	25
86	24	300	22	25
87	52	620	5	26
88	26	325	22	26
89	3	390	6	26
90	100	7000	28	28
91	2	8000	29	29
69	3	390	6	20
70	48	528	5	20
92	24	310	22	20
71	0.5	300	11	30
72	3	390	6	21
1	5.5	1000	7	1
2	6	1200	7	2
3	2	2000	8	3
4	2	414	13	3
5	1	400	11	3
6	0.5	150	10	3
7	1	50	12	3
8	0.2	35	14	3
10	1	195	21	3
9	1	25	15	3
11	1	160	9	3
12	12	150	5	4
13	3	175	17	4
14	4	40	16	3
15	4	200	18	4
16	0.6	405	19	4
17	5	500	20	4
18	24	312	22	5
19	4	40	23	5
20	23	300	5	6
21	3	390	6	6
22	1	135	24	6
23	23	299	22	6
24	4	40	23	6
25	3	390	6	7
26	22	260	5	7
27	22	299	22	7
28	6	60	23	7
29	3	390	6	8
30	21	300	5	8
31	21	273	22	8
32	6	60	23	8
33	3	300	6	9
34	18	180	5	9
35	18	250	22	9
36	6	60	23	9
37	3	300	6	10
38	25	220	5	10
40	6	60	23	10
39	25	325	22	10
41	3	390	6	11
42	24	288	5	11
43	26	325	22	11
44	6	60	23	11
45	3	390	6	12
46	24	240	5	12
47	22	286	22	12
48	6	60	23	12
49	3	390	6	13
50	30	300	5	13
51	25	325	22	13
52	6	60	23	13
53	3	300	6	14
54	22	200	5	14
55	16	260	22	14
56	5	50	23	14
57	3	390	6	15
58	25	300	5	15
59	25	325	22	15
60	6	60	23	15
61	1	500	25	16
62	1	12000	26	17
63	8	60	5	18
64	2	90	17	18
65	0.5	300	11	18
66	3	390	6	19
67	50	500	5	19
68	25	320	22	19
73	44	440	5	21
74	22	295	22	21
75	7	1260	7	22
76	1	0	7	22
77	1	0	7	22
93	3	390	6	31
94	52	600	5	31
95	26	330	22	31
96	3	390	6	32
97	50	600	5	32
98	25	310	22	32
99	0.5	200	19	33
100	4	400	20	33
101	4	40	5	33
102	4	50	30	33
103	1	150	31	34
104	1	200	31	35
105	1	50	32	36
106	3	390	6	37
107	24	300	22	37
108	52	600	5	37
109	48	550	5	38
110	3	390	6	38
111	24	288	22	38
112	50	500	5	39
113	3	390	6	39
114	25	310	22	39
115	40	400	5	39
116	2	260	6	39
117	20	240	22	39
119	3	390	6	40
120	25	300	22	40
121	33	1220	18	41
123	2	260	6	42
124	2	80	18	42
125	20	200	23	42
122	40	600	5	42
118	25	520	5	40
126	1	200	11	43
127	1	100	9	43
128	5.6	972	7	44
129	25	125	33	45
130	5	800	34	27
131	40	200	33	46
132	2	3000	35	47
133	40	480	5	48
134	4	520	6	48
135	1	200	13	49
136	2	800	29	50
137	2	260	6	52
138	20	240	22	52
139	40	400	5	52
140	3	390	6	53
141	25	310	22	53
142	50	500	5	53
143	1	1300	36	54
144	1	1000	8	51
145	0.1	90	37	51
146	4	40	16	51
147	5	150	9	51
148	6	90	38	51
149	0.1	25	12	51
150	1	70	39	51
151	1	15	41	51
152	3.84	1035	13	55
153	0.1	60	12	55
154	3	290	42	55
155	12	120	5	55
156	1	60	43	55
157	2	2000	8	56
158	0.7	250	10	56
159	0.6	560	44	56
160	2	500	9	56
161	12	360	38	56
162	0.25	30	12	56
163	0.2	100	46	56
164	5	150	47	57
165	1	1300	48	58
166	2	635	13	60
167	4	50	5	60
168	2	80	17	60
169	2	40	43	60
170	5	850	7	59
171	7	460	32	61
172	7	460	32	62
173	2	210	31	61
174	10	100	5	63
175	1	200	33	64
176	1	150	31	65
177	1	200	33	66
178	5	250	49	68
179	1248	18720	51	69
180	155	11625	52	70
181	1	500	25	71
182	1	12000	26	72
183	4	160	53	73
185	6	1020	7	74
186	2	200	54	75
187	1	110	55	76
188	1	500	8	77
189	1	250	11	77
190	1	100	9	77
191	1	40	5	77
192	1	160	17	77
193	1	150	31	78
194	1	150	31	79
195	1	350	13	80
196	4	110	17	81
197	4	60	5	81
198	4	40	16	80
199	1	220	57	82
200	1	110	55	83
201	50	20000	31	84
184	4	160	53	73
202	4	160	53	85
203	9	6300	8	86
204	1	1000	8	86
205	13	3381	13	86
206	51	560	22	86
207	52	1300	9	86
208	2	400	9	86
209	7	910	58	86
210	1	60	55	86
211	3	120	39	86
212	12	120	41	86
213	1	120	59	86
214	1	190	60	86
215	1	5505	61	86
