1	2023-09-25	Toll	60.00	50	8	8
2	2023-09-23	Toll	80.00	50	8	8
3	2023-09-21	Toll	80.00	50	8	8
4	2023-09-20	Toll	80.00	50	8	8
5	2023-09-23	parking	40.00	60	8	8
6	2023-09-29	CNC	627.00	302515	8	1
7	2023-09-27	CNC	780.00	302421	8	1
8	2023-09-26	CNC	817.00	302370	8	1
9	2023-09-25	CNC	480.00	302292	8	1
10	2023-09-25	CNC	810.00	302224	8	1
11	2023-09-24	CNC	470.00	302155	8	1
12	2023-09-24	CNC	818.00	302137	8	1
13	2023-09-23	CNC	870.00	302048	8	1
14	2023-09-21	CNC	809.00	301999	8	1
15	2023-09-21	CNC	800.00	301987	8	1
16	2023-09-20	CNC	780.00	301910	8	1
17	2023-09-19	CNC	806.00	301828	8	1
18	2023-09-17	CNC	707.00	301696	8	1
19	2023-09-17	CNC	690.00	301770	8	1
20	2023-09-16	CNC	605.00	301640	8	1
21	2023-09-23	Bumper Repairing	500.00	50	8	3
73	2023-10-25	Toll	90.00	0	11	8
74	2023-11-02	Toll	60.00	0	12	8
22	2023-10-01	CNG	695.00	302558	9	1
24	2023-10-02	CNG	676.00	302617	9	1
25	2023-10-03	CNG	668.00	302676	9	1
26	2023-10-04	CNG	520.00	302745	9	1
27	2023-10-05	CNG	700.00	302790	9	1
28	2023-10-06	CNG	800.00	302865	9	1
29	2023-10-08	CNG	812.00	302970	9	1
30	2023-10-09	CNG	612.00	303035	9	1
31	2023-10-10	CNG	672.00	303103	9	1
32	2023-10-11	CNG	706.00	303171	9	1
33	2023-10-11	CNG	680.00	303253	9	1
34	2023-10-12	CNG	690.00	303311	9	1
35	2023-10-12	CNG	760.00	303385	9	1
36	2023-10-12	CNG	665.00	303461	9	1
37	2023-10-06	TOLL	60.00	10	9	8
38	2023-10-09	TOLL	60.00	10	9	8
39	2023-10-09	PARKING	20.00	10	9	8
40	2023-10-11	TOLL	60.00	10	9	8
41	2023-10-12	TOLL	60.00	10	9	8
42	2023-10-12	TOLL	90.00	10	9	8
43	2023-10-12	TOLL	90.00	10	9	8
23	2023-10-02	Octen	1300.00	302617	9	2
44	2023-10-16	TOLL	80.00	50	10	8
46	2023-10-19	Toll	60.00	50	10	8
47	2023-10-15	CNG	650.00	303594	10	1
48	2023-10-15	CNG	312.00	303630	10	1
49	2023-10-16	CNG	640.00	303680	10	1
50	2023-10-17	CNG	370.00	303780	10	1
51	2023-10-17	CNG	804.00	303737	10	1
52	2023-10-17	Vehicle maintenance	530.00	5	10	3
53	2023-10-18	CNG	670.00	303835	10	1
54	2023-10-19	CNG	660.00	303899	10	1
55	2023-10-19	Vehicle maintenance	1000.00	5	10	3
56	2023-10-20	CNG	695.00	303983	10	1
57	2023-10-20	CNG	578.00	304020	10	1
58	2023-10-21	CNG	810.00	304190	10	1
75	2023-11-01	Toll	60.00	0	12	8
45	2023-10-13	CNG	680.00	303523	10	1
59	2023-10-22	CNG	721.00	304174	11	1
60	2023-10-22	CNG	348.00	304211	11	1
61	2023-10-23	CNG	780.00	304275	11	1
62	2023-10-25	CNG	819.00	304375	11	1
63	2023-10-25	CNG	809.00	304450	11	1
64	2023-10-25	CNG	845.00	304537	11	1
65	2023-10-26	CNG	527.00	304580	11	1
66	2023-10-26	CNG	830.00	304677	11	1
67	2023-10-27	CNG	810.00	304765	11	1
68	2023-10-28	CNG	820.00	304850	11	1
69	2023-10-29	CNG	580.00	304909	11	1
70	2023-10-30	CNG	749.00	304986	11	1
71	2023-10-31	CNG	652.00	305044	11	1
72	2023-10-26	Toll	60.00	0	11	8
76	2023-11-05	CNG	710.00	305375	12	1
77	2023-11-04	CNG	560.00	305309	12	1
78	2023-11-03	CNG	820.00	305245	12	1
79	2023-11-02	CNG	625.00	305142	12	1
81	2023-11-01	CNG	620.00	305074	12	1
80	2023-11-02	Octen	1300.00	305094	12	2
82	2023-11-06	CNG	822.00	305447	13	1
83	2023-11-07	CNG	670.00	305527	13	1
84	2023-11-08	CNG	795.00	305589	13	1
85	2023-11-09	CNG	723.00	305668	13	1
86	2023-11-10	CNG	820.00	305740	13	1
87	2023-11-12	CNG	820.00	305850	13	1
88	2023-11-13	CNG	780.00	305945	13	1
89	2023-11-12	TOLL	60.00	0	13	8
90	2023-11-12	TOLL	60.00	0	13	8
91	2023-11-13	TOLL	60.00	0	13	8
103	2023-11-22	CNG	810.00	306700	15	1
104	2023-11-22	CNG	619.00	306770	15	1
92	2023-11-14	CNG	652.00	306013	14	1
115	2023-11-22	TOLL	60.00	1	15	8
116	2023-11-22	TOLL	60.00	1	15	8
117	2023-11-22	TOLL	60.00	1	15	8
120	2023-11-30	Toll	60.00	0	15	8
121	2023-11-28	Toll	60.00	0	15	8
122	2023-11-27	Toll	60.00	0	15	8
123	2023-11-28	Toll	60.00	0	15	8
124	2023-11-26	Toll	60.00	0	15	8
125	2023-11-26	Toll	60.00	0	15	8
126	2023-11-24	Toll	60.00	0	15	8
127	2023-11-24	Toll	60.00	0	15	8
128	2023-11-23	Toll	60.00	0	15	8
129	2023-11-30	CNG	665.00	307217	15	1
130	2023-11-29	CNG	630.00	307170	15	1
131	2023-11-28	CNG	650.00	307117	15	1
132	2023-11-27	CNG	840.00	307050	15	1
133	2023-11-26	CNG	818.00	306971	15	1
134	2023-11-24	CNG	613.00	306880	15	1
135	2023-11-23	CNG	622.00	306823	15	1
136	2023-11-29	Looking glass repairing	500.00	0	15	3
93	2023-11-15	CNG	817.00	306100	14	1
94	2023-11-15	CNG	507.00	306140	14	1
95	2023-11-16	CNG	710.00	306200	14	1
96	2023-11-16	CNG	485.00	306240	14	1
97	2023-11-17	CNG	823.00	306322	14	1
98	2023-11-19	CNG	826.00	306410	14	1
99	2023-11-20	CNG	646.00	306487	14	1
100	2023-11-21	CNG	818.00	306545	14	1
101	2023-11-21	CNG	622.00	306590	14	1
102	2023-11-21	CNG	650.00	306670	14	1
105	2023-11-14	TOLL	60.00	10	14	8
106	2023-11-15	TOLL	60.00	10	14	8
107	2023-11-15	TOLL	60.00	1	14	8
108	2023-11-17	TOLL	60.00	1	14	8
109	2023-11-19	TOLL	60.00	1	14	8
110	2023-11-19	TOLL	60.00	1	14	8
111	2023-11-16	TOLL	60.00	1	14	8
112	2023-11-20	TOLL	60.00	1	14	8
113	2023-11-21	TOLL	60.00	1	14	8
114	2023-11-21	TOLL	60.00	1	14	8
118	2023-11-16	TOLL	60.00	1	14	8
119	2023-11-20	Mobil	500.00	1	14	3
137	2023-11-13	Traffic police fine	1300.00	0	14	8
138	2023-12-01	CNG	810.00	307281	17	1
139	2023-12-02	CNG	785.00	307355	17	1
140	2023-12-10	CNG	822.00	307447	17	1
141	2023-12-11	CNG	722.00	307516	17	1
142	2023-12-01	Octane	1300.00	0	17	2
143	2023-11-30	TOLL	60.00	0	17	8
144	2023-12-01	TOLL	60.00	0	17	8
145	2023-12-01	TOLL	60.00	0	17	8
146	2023-12-10	TOLL	60.00	0	17	8
147	2023-12-10	TOLL	60.00	0	17	8
148	2023-12-11	TOLL	60.00	0	17	8
