3	2023-06-01	99092	1202
4	2021-02-07	99036	1201
5	2020-05-15	99196	1205
6	2022-09-05	99624	1203
7	2022-08-07	99646	1402
1	2023-06-05	99086	1303
8	2023-10-02	99032	1402
9	2011-03-01	99069	1401
10	2023-07-01	99069	1303
11	2010-12-01	99078	1303
12	2016-05-01	99078	1301
2	2023-09-01	99078	1204
13	2023-10-12	99897	1401
14	2023-09-06	99058	1501
15	2022-01-21	99043	1303
16	2020-01-29	99003	1304
17	2023-08-01	99890	1504
18	2023-08-01	99581	1401
19	2023-09-26	1014	9301
20	2023-01-01	99271	1101
21	2022-11-02	99353	1501
