2	30	3846.02	7.50	3.00	SP-I100011	202007BCAT01
4	64	6200.00	7.50	3.00	SP-I100015	202008TARK01
6	5	32653.06	7.50	3.00	SP-MIS0003	202008TRAN01
7	559	80.00	7.50	3.00	SP-FIRE0005	202009BENGAL
8	147	85.00	7.50	3.00	SP-FIRE0006	202009BENGAL
9	8	2150.00	7.50	3.00	SP-FIRE0007	202009BENGAL
10	5	750.00	7.50	3.00	SP-FIRE0001	202009BENGAL
5	64	3754.00	7.50	3.00	SP-I100015	202008TECH01
11	4	400.00	7.50	3.00	SP-FIRE0004	202009BENGAL
12	1	2250.00	7.50	3.00	SP-FIRE0008	202009BENGAL
13	1	850.00	7.50	3.00	SP-FIRE0009	202009BENGAL
14	1	380.00	7.50	3.00	SP-FIRE0010	202009BENGAL
15	3	220.00	7.50	3.00	SP-FIRE0011	202009BENGAL
16	9	110.00	7.50	3.00	SP-FIRE0012	202009BENGAL
17	16	10000.00	15.00	3.00	SP-MEC0005	202009DEVIN1
18	4	12000.00	15.00	3.00	SP-MEC0007	202009DEVIN2
19	4	12000.00	15.00	3.00	SP-MEC0006	202009DEVIN2
20	4	15192.25	15.00	3.00	SP-I100016	202009RAHIM1
21	3	19420.80	5.00	3.00	SP-I100012	202010BCAT01
22	3	12024.60	5.00	3.00	SP-I100013	202010BCAT01
23	3	17633.70	5.00	3.00	SP-I100014	202010BCAT01
24	1	35674.00	5.00	3.00	SP-MIS0002	202012BCLFY1
25	1	39790.00	5.00	3.00	SP-MIS0001	202012PNLHD1
26	1	40655.00	5.00	3.00	SP-MIS0001	202012PRAGA1
27	1	34210.53	15.00	10.00	SER-FIRE003	202101CRAYT1
28	1	10526.32	15.00	10.00	SER-FIRE002	202101CRAYT1
29	1	21929.82	15.00	10.00	SER-FIRE001	202101CRAYT1
30	6	293.95	7.50	3.00	SP-MEC0012	202102BEARI1
31	2	569.30	7.50	3.00	SP-MEC0009	202102BEARI1
3	64	4850.00	7.50	3.00	SP-I100015	202008ARAF01
48	1	169316.19	5.00	3.00	SP-I100020	202104BCAT01
32	4	13571.43	7.50	2.00	SP-MEC0019	202012Unit01
37	6	2938.78	7.50	2.00	SP-MEC0002	202012SHOHE1
38	8	2938.78	7.50	2.00	SP-MEC0004	202012SHOHE1
39	2	2938.78	7.50	2.00	SP-MEC0003	202012SHOHE1
33	1	1091.16	7.50	3.00	SP-MEC0011	202102BEARI1
34	1	2134.88	7.50	3.00	SP-MEC0008	202102BEARI1
35	2	1565.58	7.50	3.00	SP-I100011	202102BEARI1
36	2	948.84	7.50	3.00	SP-MEC0010	202102BEARI1
40	1	4886.51	7.50	3.00	SP-MEC0014	202102BEARI1
41	1	5930.23	7.50	3.00	SP-MEC0020	202102BEARI1
42	2	664.19	7.50	3.00	SP-MEC0022	202102BEARI1
43	3	41776.74	7.50	3.00	FA-AC00002	202103WALTO1
44	3	1500.00	0.00	0.00	FA-AC00003	202103WALTO1
45	16	34713.00	5.00	3.00	SP-I100017	202105BCAT01
46	30	3445.40	5.00	3.00	SP-I100011	202105BCAT01
47	1	824742.27	7.50	3.00	SER-ABB0001	202106NIE001
49	1	23082.00	15.00	3.00	FA-FA00001	202107LINDE1
50	175	391.75	7.50	3.00	SP-MEC0018	202111MOSTA1
51	8	1134.02	7.50	3.00	SP-MEC0017	202108BEARI1
52	8	9690.72	7.50	3.00	SP-MEC0015	202108BEARI1
53	4	2268.04	7.50	3.00	SP-MEC0008	202108BEARI1
54	4	1113.40	7.50	3.00	SP-MEC0011	202108BEARI1
55	8	9966.96	15.00	3.00	SP-ELE0004	202111RAHIM1
56	8	-2000.00	0.00	0.00	SP-ELE0003	202111RAHIM1
57	8	10400.00	15.00	3.00	SP-ELE0004	202111SUPER1
58	8	-2000.00	0.00	0.00	SP-ELE0003	202111SUPER1
59	1	25979.38	7.50	3.00	SER-GEN0001	202103MODIN1
60	1	3092.78	7.50	3.00	SER-GEN0002	202103MODIN1
61	1	27278.35	7.50	3.00	SER-GEN0001	202103ALIF01
62	1	4123.71	7.50	3.00	SER-GEN0002	202103ALIF01
63	1	4123.71	7.50	3.00	SER-GEN0002	202103ALIF01
64	1	28144.33	7.50	3.00	SER-GEN0001	202103BISMI1
65	1	3608.25	7.50	3.00	SER-GEN0002	202103BISMI1
66	100	10773.00	5.00	3.00	SP-I100019	202112BCAT01
67	2	48771.43	5.00	3.00	FA-AC00001	202110WALTO1
68	2	1500.00	0.00	0.00	FA-AC00003	202110WALTO1
69	1	50000.00	0.00	0.00	FA-COM0001	202112SELF01
70	80	3754.29	7.50	3.00	SP-I100015	202111TECS01
71	80	4850.00	7.50	3.00	SP-I100015	202110ARAFA1
72	2	14500.00	7.50	3.00	SP-ELE0005	202201ASHIS1
73	12	20.00	7.50	3.00	CON-ELE0008	202201ASHIS1
74	25	10.00	7.50	3.00	CON-ELE0003	202201ASHIS1
76	6	3000.00	7.50	3.00	SP-ELE0002	202201ASHIS1
77	1	280.00	7.50	3.00	CON-ELE0004	202201ASHIS1
78	2	750.00	7.50	3.00	CON-ELE0006	202201ASHIS1
79	2	750.00	7.50	3.00	CON-ELE0002	202201ASHIS1
80	1	850.00	7.50	3.00	CON-ELE0005	202201ASHIS1
81	1	2250.00	7.50	3.00	CON-ELE0001	202201ASHIS1
82	2	14488.69	15.00	3.00	SP-I100016	202202RAHIM1
83	2	-4500.00	0.00	0.00	SP-ELE0001	202202RAHIM1
84	1	1030927.00	10.00	3.00	SER-CAT0004	202206NIE001
85	490	91.00	0.00	0.00	CON-MEC0001	202203SELF01
86	240	90.00	0.00	0.00	CON-MEC0005	202203SELF01
87	5	12500.00	0.00	0.00	CON-MEC0004	202203SELF01
88	1	10000.00	0.00	0.00	CON-MEC0002	202203SELF01
89	108	91.00	0.00	0.00	CON-MEC0006	202203SELF01
90	1	35000.00	0.00	0.00	MIS-LABOR01	202203SELF01
91	90	1593.26	7.50	3.00	SP-MEC0001	202203TECHS1
92	90	2271.26	7.50	3.00	SP-MEC0001	202203ARAFA1
93	90	2660.47	7.50	3.00	SP-MEC0001	202204AYSHA1
94	1	650000.00	10.00	3.00	SER-CAT0001	202206MNENG1
75	2	200.00	7.50	3.00	CON-ELE0007	202201ASHIS1
95	1	80000.00	10.00	3.00	SER-CAT0002	202206MNENG1
96	1	20000.00	10.00	3.00	SER-CAT0003	202206MNENG1
97	1	400000.00	10.00	3.00	SER-CAT0004	202206NAHAR1
98	1	773196.00	10.00	3.00	SER-CAT0004	202206RISHA1
99	1	876288.00	10.00	3.00	SER-CAT0004	202206SHYRI1
100	1	40000.00	10.00	3.00	SER-TC00001	202207NORD01
101	1	40000.00	10.00	3.00	SER-TC00001	202210NORD01
102	3	9500.00	15.00	3.00	SP-CAT0001	202208DIVIN1
103	1	15500.00	15.00	3.00	SP-MEC0016	202208DIVIN1
104	3	21500.00	15.00	3.00	SP-MEC0016	202208DIVIN1
1	1	236364.00	10.00	3.00	SER-KATO001	202210NAHAR1
105	3	29687.50	5.00	3.00	SP-I100021	202209KONE01
106	2	23275.00	5.00	3.00	SP-I100022	202209KONE01
107	1	61512.50	5.00	3.00	SP-I100018	202209KONE01
108	2	30282.00	5.00	3.00	SP-I100023	202209KONE01
109	1	272727.27	10.00	3.00	SER-ABB0002	202210NAHAR2
113	1	380.00	7.50	3.00	SP-FIRE0011	202210BENGA1
112	10	80.00	7.50	3.00	SP-FIRE0002	202210BENGA1
111	26	85.00	7.50	3.00	SP-FIRE0006	202210BENGA1
110	463	80.00	7.50	3.00	SP-FIRE0005	202210BENGA1
114	1	270000.00	10.00	3.00	SER-PULSE01	202301PULSE1
115	1	250000.00	10.00	3.00	SER-PULSE02	202301PULSE1
116	1	300000.00	10.00	3.00	SER-PULSE03	202301PULSE1
117	1	391600.00	10.00	3.00	SER-PULSE04	202301PULSE1
118	1	110000.00	10.00	3.00	SER-PULSE05	202301PULSE1
119	1	773195.88	10.00	3.00	SER-ABB0004	202301NIE01
120	1	40000.00	10.00	10.00	SER-TC00001	202301NORD01
121	1	1850000.00	10.00	10.00	SER-W20V341	202302SHYRI1
122	1	333333.00	10.00	10.00	SER-ABB0005	202303SHYRI1
123	1	555554.50	10.00	10.00	SER-ABB0006	202303SHYRI1
124	1	500000.00	10.00	10.00	SER-ABB0005	202303NIE01
125	1	648648.65	10.00	10.00	SER-ABB0006	202303NIE01
126	1	2333334.00	10.00	10.00	SER-ABB0007	202303EDISON
127	1	1772727.27	10.00	10.00	SER-ABB0007	202303EPACG
128	12	27272.80	10.00	10.00	SER-CW0MCHN	202304IDEAL
129	2	64952.38	5.00	3.00	FA-AC00004	202304WALTON
130	1	42380.95	5.00	3.00	FA-AC00005	202304WALTON
131	2	15463.92	7.50	3.00	CON-MEC0007	202212BLUEDT
132	2	19072.17	7.50	3.00	CON-MEC0007	202212TECNAF
133	1	0.00	7.50	3.00	CON-MEC0008	202212TECNAF
134	1	515.46	7.50	3.00	CON-MEC0008	202212BLUEDT
135	1	40000.00	10.00	10.00	SER-TC00001	202304NODROY
136	1	222222.22	10.00	10.00	SER-ABB0008	202302NIE02
137	1	31818.20	10.00	10.00	SER-TC00001	202307ROTO1
138	1	40000.00	10.00	10.00	SER-TC00001	202304NORD1R
139	2	4639.20	7.50	3.00	SP-MIS0004	202307SULTAN
140	2	90000.00	10.00	10.00	SER-TC00002	202309ROTO1
141	2	90000.00	10.00	10.00	SER-TC00002	202310ROTO1
142	1	350000.00	10.00	10.00	SER-RADIAT1	202311SHYRI1
143	1	311111.11	10.00	10.00	SER-RADIAT1	202311NIE001
144	1	38888.89	10.00	10.00	SER-WORKSHOP1	202311SGENG1
